0.00838
0.018392
0.028272
0.037128
0.046856
0.05556
0.063904
0.072608
0.01018
0.019548
0.028916
0.11884
0.008764
0.055908
0.064396
0.072608
0.164024
0.013008
0.021352
0.029696
0.039064
0.04828
0.057648
0.062236
0.008764
0.08342
0.011892
0.020236
0.030116
0.03546
0.057404
0.06626
0.074472
0.00838
0.017236
0.02558
0.034948
0.363852
0.008764
0.008892
0.31034
0.008764
0.087952
0.416752
0.026116
0.017616
0.008252
0.070084
0.008252
0.008252
0.081352
0.009692
0.019192
0.02596
0.520124
0.008252
0.008764
0.008252
0.008252
0.008764
0.012364
0.017748
0.008252
0.044052
0.052264
0.386096
0.008252
0.008116
0.01112
0.019976
0.03088
0.037508
0.008252
0.008116
0.070604
0.726648
0.01512
0.023976
0.353516
0.008764
0.009916
0.06024
0.017336
0.008252
0.008764
0.008764
0.008252
0.033376
0.0494
0.060304
0.434832
0.008764
0.015056
0.024424
0.034816
0.043672
0.0457
0.008252
0.008252
0.008116
0.008116
0.01056
0.008764
0.008252
0.043724
0.696268
0.008764
0.008764
0.008764
0.01144
0.019784
0.025712
0.008116
0.008252
0.008116
0.008764
0.008252
0.159328
0.008116
1.13695
0.185604
0.008892
0.008252
0.051632
0.044984
0.008252
0.008252
0.008252
0.008764
0.008892
0.008252
0.521668
0.008764
0.008252
0.008764
0.008764
0.008252
0.008252
0.008252
0.989824
0.008252
0.008116
0.008764
0.008764
0.008764
0.008116
0.010052
0.008764
0.008764
0.008252
0.008764
0.008116
0.008764
0.207836
0.009916
0.008764
0.00838
0.008764
0.008252
0.008252
0.008252
0.008764
0.008116
0.008252
0.008252
1.54686
0.008116
0.008116
0.008764
0.009404
0.008764
0.008252
0.008252
0.015508
0.017616
0.008252
0.008116
0.008764
0.008764
0.008764
0.008252
0.008116
0.008252
0.008252
0.029576
0.017104
0.008116
0.008252
0.008252
1.75154
0.008116
0.008116
0.016428
0.017748
0.008252
0.008252
0.008252
0.008116
0.008252
0.008116
0.008252
0.01292
0.017108
0.008252
0.008116
0.008116
0.008116
0.008116
0.008116
0.008764
0.008252
0.816196
0.008252
0.008252
0.008764
0.008764
0.008764
0.059852
0.016588
0.018388
0.008252
0.008764
0.008764
0.008252
0.008252
0.008116
0.008116
0.008252
0.008116
0.008116
0.008116
0.008764
0.008252
0.008764
0.008116
0.008252
1.43191
0.008116
0.416928
0.008252
0.008764
0.008252
0.008764
0.008252
0.067776
0.008764
0.01192
0.800892
0.008764
0.034676
0.008252
0.008252
0.008764
0.042264
0.009404
0.008252
0.008764
0.008116
0.008252
0.024932
0.052788
0.025296
0.008116
0.478184
0.008892
0.026588
0.008252
0.008252
0.008764
0.008116
0.008252
0.008764
0.008764
0.008116
0.008764
0.008252
0.008252
0.008764
0.008116
0.008252
0.008116
0.008764
0.008116
0.008252
0.169728
0.008252
0.008116
0.008252
0.008116
0.008116
0.008116
0.478744
0.008116
0.008252
0.009404
0.033132
0.016592
0.008116
0.008252
0.07098
1.51919
0.008252
0.01652
0.019152
0.008252
0.008764
0.008764
0.008116
0.008764
0.008764
0.008252
0.015572
0.01646
0.008252
0.008764
0.008116
0.008116
0.008116
0.008116
0.008116
0.010364
0.016592
0.008116
0.008116
0.008764
0.008252
0.008116
0.008252
0.008116
0.008116
0.009916
0.008896
0.008892
0.008764
0.008116
0.008252
0.728088
0.008252
0.008252
0.008252
0.008892
0.008764
0.008764
0.008764
0.008252
0.008764
0.008252
0.167224
0.008252
0.011076
0.037904
0.008116
0.008116
0.008116
0.008252
0.008764
0.008252
0.015748
0.020312
0.008764
0.008764
0.008116
0.008764
0.008252
0.008252
0.008252
0.008252
0.008764
0.008252
0.008252
0.008252
0.008116
0.008252
0.008252
0.008764
0.02558
0.008764
0.009404
0.008764
0.008252
0.08616
0.008764
0.008252
0.008252
0.008252
0.008116
0.008764
0.008252
0.008116
0.008252
0.0928
0.009916
0.008764
0.008252
0.008116
0.008252
0.008764
0.00838
0.016588
0.008252
0.008764
0.008764
0.008764
0.00992
0.008764
0.008116
0.008764
0.008252
0.008764
0.008252
0.008116
0.008252
0.008116
0.008764
0.008252
0.008252
0.008116
0.008116
0.008116
0.008116
0.008116
0.016588
0.008764
0.222296
0.008252
0.008252
0.008764
0.04314
0.008252
0.008764
0.008252
0.008764
0.008116
0.008764
0.008764
0.008116
0.008764
0.008252
0.008252
0.008764
0.008116
0.008764
0.008116
0.008116
0.008116
0.008764
0.008252
0.008764
0.008252
0.008252
0.008252
0.008764
0.008252
0.008252
0.008764
0.008252
0.008252
0.00838
0.008252
0.008252
0.009916
0.008116
0.008252
0.008764
0.008764
0.008252
0.008252
0.008764
0.008116
0.008764
0.008252
0.008116
0.008116
0.008116
0.008764
0.008764
0.008252
0.008252
0.008252
0.008764
0.008252
0.787432
0.008252
0.008764
0.008252
0.008764
0.008116
0.008764
0.008764
0.008252
0.008764
0.008116
0.009404
0.008116
0.008116
0.008764
0.008252
0.008252
0.008764
0.008252
0.008116
0.008252
0.008252
0.008764
0.008116
0.008764
0.008116
0.008116
0.008764
0.008764
0.0343
0.008764
0.008252
0.008252
0.008764
0.008252
0.008252
0.008252
0.008252
0.008764
0.008116
0.862556
0.008252
0.008116
0.008764
0.009404
0.008252
0.008764
0.008252
0.008764
0.008764
0.008116
0.008764
0.008764
0.008252
0.008252
0.008764
0.008252
0.008764
0.008252
0.008116
0.008764
0.008116
0.008116
0.008116
0.008764
0.008116
0.008116
0.008764
0.008252
1.81551
0.008252
0.009404
0.008252
0.008764
0.008764
0.008764
0.008764
0.008252
0.008116
0.008116
0.016588
0.008252
0.00838
0.008764
0.008116
0.008252
0.008116
0.008116
0.008252
0.008252
0.008764
0.008764
0.008764
0.008116
0.008252
0.008764
0.008764
0.008116
0.008764
0.008764
0.008252
0.008252
0.008116
0.008116
0.008116
0.008116
0.008252
0.008116
0.008116
0.008764
0.008116
0.008764
0.008116
0.008116
0.008764
0.008252
0.008252
0.008116
0.008252
0.008116
0.008764
0.008116
0.008252
0.008116
0.008116
1.24713
0.017808
0.008764
0.008764
0.008252
0.356612
0.008244
0.008252
0.008252
0.7968
0.008252
0.009404
0.008764
0.008116
0.008764
0.008252
0.008116
0.008252
0.008116
0.008116
0.008116
0.008252
0.008764
0.008116
0.008116
0.008764
0.008384
0.008252
0.008892
0.008764
0.008116
0.008252
0.008252
0.008764
0.008764
0.008764
0.008764
0.008764
0.008764
0.008764
0.008252
0.008116
0.008116
0.008252
0.008116
0.008116
0.008116
0.008116
0.008252
0.008116
0.008116
0.008252
0.008116
0.008116
0.008252
0.008116
0.008764
0.008116
0.008252
0.008116
0.008764
0.008252
0.008252
0.008252
0.008764
0.008116
0.008116
0.008116
0.008764
0.009916
0.008764
0.008252
0.008764
0.008764
0.008116
0.008764
0.008252
0.008764
0.008252
0.008116
0.008116
0.008764
0.008764
0.008252
0.008764
0.008116
0.008116
0.008252
0.008252
0.008252
0.008764
0.008252
0.008116
0.008252
0.008252
0.008252
0.008116
0.008764
0.017236
0.016588
0.016588
0.008252
0.008252
0.033276
0.008252
0.008764
0.009024
0.008252
0.008252
0.008252
0.008116
0.008252
0.008252
0.008252
0.008116
0.008252
0.008252
0.008116
0.009916
0.008252
0.008116
0.008116
0.00838
0.008764
0.008252
0.008764
0.008252
0.008252
0.008116
0.008252
0.008116
0.008252
0.008252
0.008764
0.008252
0.008252
0.008116
0.008252
0.008252
0.008252
0.008764
0.008116
0.008252
0.008252
0.008764
0.008116
0.008764
0.008764
0.008764
0.008252
0.008252
0.008116
0.008116
0.008252
0.008116
0.008252
0.008252
0.008116
0.008764
0.008116
0.008116
0.008116
0.008116
0.008252
0.008252
0.008116
0.008116
0.008116
0.008116
0.008252
0.008116
0.008116
0.009916
0.008764
0.008764
0.008892
0.008252
0.008764
0.008252
0.008116
0.008116
0.008252
0.008764
0.008116
0.008764
0.008116
0.008764
0.008252
0.008764
0.008252
0.008252
0.008116
0.008764
0.008116
0.008116
0.008764
0.008116
0.008252
0.008116
0.008116
0.008764
0.008764
0.008252
0.008252
0.008764
0.008116
0.008116
0.008252
0.289804
0.008764
0.008252
0.00838
0.008252
0.008764
0.008116
0.008252
0.008116
0.008252
0.008116
0.008252
0.008764
0.008764
0.008252
0.008252
0.008252
0.008764
0.008764
0.008116
0.008764
0.008764
0.008252
0.008764
0.008252
0.008252
0.008116
0.008116
0.008252
0.008764
0.008116
0.008764
0.008764
0.008116
0.008116
0.008252
0.008764
0.008116
0.008252
0.008764
0.008252
0.008116
0.008892
0.008252
0.008764
0.008116
0.008764
0.008252
0.008116
0.00954
0.008764
0.008252
0.008252
0.008252
0.009404
0.008252
0.008764
0.008252
0.008116
0.008892
0.008252
0.008248
0.042752
0.008764
0.008252
0.008252
0.008252
1.23294
0.008252
0.008892
0.008252
0.008764
0.008764
0.008252
0.008764
0.008252
0.008116
0.008116
0.008252
0.008764
0.008116
0.008252
0.008116
0.008764
0.008252
0.008252
0.008116
0.008252
0.008252
0.008252
0.008116
0.008764
0.008252
0.008116
1.69897
0.008116
0.008252
0.008252
0.008764
0.008764
0.008252
0.008252
0.008764
0.008116
0.008252
0.008252
0.008764
0.008116
0.008116
0.008116
0.008252
0.008252
0.008252
0.008252
0.008116
0.008764
0.008252
0.008252
0.008116
0.008116
0.010428
0.008764
0.008252
0.008252
0.008252
0.008252
0.008252
0.008116
0.008252
0.008764
0.299412
0.008252
0.008892
0.008252
0.008764
0.008116
0.008116
0.008116
0.008764
0.008116
0.008764
0.008116
0.008116
0.008252
0.008764
0.008252
0.008764
0.010052
0.008764
0.008764
0.008764
0.008116
0.008764
0.008116
0.008252
0.009404
0.008252
0.008252
0.008764
0.008116
0.008252
0.008764
0.008764
0.008764
0.008116
0.00838
0.008252
0.024932
0.008764
0.008252
0.008764
0.008764
0.008764
0.008252
0.008252
0.008116
0.008764
0.008764
0.008116
0.008764
0.008764
0.008116
0.008252
0.008252
0.008252
0.008252
0.008116
0.008116
0.008764
0.008764
0.008252
0.008116
0.008764
0.008764
0.008252
0.008252
0.008116
0.008764
0.008764
0.008116
0.008252
0.008116
0.008116
0.008252
0.008116
0.008252
0.008764
0.008252
0.008252
0.008116
0.008764
0.008116
0.008116
0.008252
0.008116
0.008252
0.008252
0.008116
0.008116
0.008116
0.008764
0.008116
0.008764
0.602636
0.016952
0.008252
0.008252
0.008764
0.009404
0.008116
0.008764
0.008252
0.008764
0.008764
0.008252
0.008116
0.008252
0.008252
0.008116
0.008116
0.008116
0.008116
0.008116
0.008252
0.739868
0.009372
0.016596
0.008252
0.008116
0.008116
0.008764
0.008116
0.008116
0.009404
0.008252
0.008252
0.010428
0.008764
0.008764
0.008764
0.008764
0.008252
0.008252
0.008252
0.008252
0.008252
0.008116
0.008764
0.008116
0.008764
0.008116
0.008116
0.008764
0.026092
0.008252
0.008252
0.008764
0.008764
0.008764
0.008116
0.008116
0.008896
0.008116
0.008764
0.008252
0.008764
0.008252
0.008764
0.008116
0.008116
0.008116
0.008764
0.008116
0.008764
0.008252
0.008764
0.008252
0.008116
0.008764
0.008764
0.008252
0.008116
0.008764
0.008116
0.008764
0.008764
0.008116
0.008764
0.008764
0.008252
0.008764
0.008116
0.052128
0.042628
0.008892
0.008764
0.008764
0.008764
0.008764
0.008764
0.010428
0.008764
0.008764
0.008764
0.008764
0.008764
0.008252
0.008116
0.008252
0.008764
0.008764
0.008116
0.009916
0.008252
0.00838
0.008252
0.008116
0.008116
0.008116
0.00954
0.008252
0.008116
0.008252
0.008252
0.008764
0.008116
0.008764
0.008116
0.008116
0.008764
0.008252
0.008116
0.008116
0.008764
0.008252
0.008116
0.008116
0.008764
0.008764
0.008252
0.008116
0.008116
0.008764
0.008252
0.008252
0.008252
0.00838
0.008116
0.008248
0.008764
0.008764
0.008252
0.008252
0.008764
0.008116
0.008252
0.008252
0.008764
0.008252
0.008252
0.008252
0.008764
0.008764
0.008252
0.008764
0.008116
0.008252
0.008252
0.008116
0.008116
0.008116
0.008116
0.008252
0.008252
0.008764
0.008252
0.008116
0.008252
0.008764
0.008764
0.00838
0.008252
0.008252
0.008764
0.010428
0.008764
0.008252
0.008252
0.008116
0.008116
0.008252
0.008116
0.008116
0.008252
0.008116
0.008764
0.008116
0.008252
0.008764
0.008116
0.008116
0.008252
0.008116
0.008252
0.008116
0.016588
0.009916
0.008252
0.008764
0.008252
0.008252
0.008252
0.008252
0.008116
0.008764
0.008252
0.008116
0.008116
0.008116
0.008252
0.008764
0.008252
0.008764
0.008764
0.008764
0.008116
0.008252
0.008764
0.008764
0.008116
0.008252
0.008764
0.008116
0.008116
0.008764
0.008116
0.008764
1.17672
0.008764
0.008764
0.008764
0.008764
0.008764
0.572856
0.008892
0.008252
0.008764
0.008764
0.008764
0.008116
0.008252
0.008252
0.008116
0.008116
0.008764
0.008252
0.009916
0.008764
0.00838
0.008252
0.008764
0.008764
0.008764
0.008764
0.008764
0.008116
0.008764
0.008116
0.008252
0.008764
0.008116
0.008116
0.008764
0.008892
0.008252
0.008116
1.10254
0.009916
0.008764
0.008252
0.008252
0.008764
0.008252
0.008764
0.008764
0.008764
0.008764
0.008252
0.008252
0.008252
0.008116
0.008116
0.008252
0.008116
0.008764
0.008116
1.75636
0.008764
0.025692
0.016588
0.016588
0.008764
0.008764
0.008764
0.008252
0.008252
0.008252
0.008116
0.008116
0.008252
0.008116
0.008252
0.008116
0.008116
0.008764
0.008764
0.008116
0.008116
0.008116
0.008764
0.008252
0.008892
0.008252
0.008252
0.008116
0.008252
0.008116
0.008116
0.008116
0.008252
0.008252
0.008116
0.008116
0.008764
0.008116
0.008764
0.008116
0.008764
0.008252
0.008116
0.008252
0.008252
0.905856
0.009916
0.008252
0.00838
0.008764
0.008116
0.959536
0.008764
0.008764
0.008892
0.008764
0.008252
0.008764
0.008764
2.03994
0.008116
0.008764
0.008252
0.008116
0.008116
0.008116
0.008764
0.008116
0.008764
0.008116
0.008764
0.008892
0.008764
0.008116
0.008764
0.008764
0.008116
0.008252
0.008252
0.008116
0.008764
0.008252
0.008252
0.008764
0.008252
0.008252
0.008252
0.008116
0.008252
0.008764
0.008764
0.008116
0.008764
0.008116
0.008764
0.008252
0.008764
0.008116
0.008116
0.008764
0.453708
0.008764
0.008252
0.00838
0.009916
0.008764
0.008764
0.008764
0.008764
0.008252
0.008116
0.008764
0.008116
0.008764
0.008764
2.58592
0.008764
0.008252
0.008764
0.008116
0.008116
0.010052
0.008764
0.008116
0.008252
0.008252
0.008116
0.008764
0.008116
0.008116
0.008764
0.008116
0.008252
0.008116
0.008116
0.008764
0.008116
0.008116
0.008116
0.008764
0.008116
0.008116
0.008116
0.008116
0.008252
0.008252
0.008116
0.008116
0.008252
0.00838
0.00838
0.018128
0.008116
0.008764
0.008116
0.008252
0.008764
0.008252
0.008116
0.008116
0.008116
0.008252
0.008116
0.008116
0.008116
0.008764
0.008764
0.008116
0.008116
0.008116
0.008252
0.008116
0.008764
0.008116
0.008764
0.008252
0.008116
0.008116
0.008116
0.008252
0.008116
0.008764
0.008116
0.009404
0.008764
0.008764
0.008764
0.008116
0.008116
0.008116
0.008764
0.008116
0.008116
0.008764
0.008116
0.008252
0.008764
0.008764
0.008764
0.008116
0.008764
0.008252
0.008764
0.008764
0.008116
0.008764
0.008252
0.008252
0.008252
0.008252
0.008252
0.008116
0.008764
0.008116
0.0189
0.008764
0.008764
0.008116
0.008252
0.008764
0.008116
0.008764
0.008252
0.008764
0.008116
0.009404
0.008252
0.008252
0.008252
0.008764
0.008764
0.008116
0.008252
0.008252
0.008116
0.008116
0.008764
0.008116
0.008116
0.224228
0.008252
0.008764
0.008252
0.008252
0.008252
0.05934
0.008116
0.008116
0.008252
0.008764
0.008252
0.008764
0.008116
0.008116
0.008252
0.008116
0.008116
0.008252
0.008252
0.008252
2.05155
0.00838
0.008116
0.008252
0.008252
0.008252
0.008252
0.008252
0.008116
0.008252
0.008764
0.008116
0.008252
0.008764
0.008252
0.008252
0.008764
0.008764
0.008116
0.008252
0.008764
0.008116
0.008764
0.008764
0.008252
0.008116
0.008116
0.008764
0.008764
0.25068
0.008764
0.008116
0.008764
0.008116
0.008116
0.008116
2.21932
0.008252
0.008116
0.01646
0.008252
0.008252
0.008252
0.008116
0.008116
0.008116
0.008252
0.008252
0.008252
0.008252
0.008252
0.008252
0.008116
0.008252
0.008116
0.008116
0.008764
0.008116
0.008116
0.008116
0.008116
0.008116
0.008116
0.008116
0.008764
0.008116
0.008764
0.008116
0.008116
0.008116
0.011076
0.008764
0.008764
0.008252
0.008764
0.008116
0.008116
0.008116
0.008252
0.024932
0.00838
0.008252
0.008764
0.008252
0.008116
0.008764
0.008764
0.008116
0.008116
0.008252
0.008764
0.008252
0.120404
0.008116
0.008116
0.008116
0.008116
0.008116
0.008764
0.008252
0.008116
0.008116
0.008764
0.008116
0.008252
0.008116
0.008116
0.008116
0.558656
0.008116
0.008116
0.008764
0.008116
0.008116
0.008116
0.008116
0.008116
0.008116
0.008116
0.008116
0.008116
0.008116
0.008252
0.008764
0.008764
0.008116
0.008116
0.008116
0.008116
0.008116
0.008116
0.008116
0.008116
0.008116
0.008116
0.008252
0.016724
0.008252
0.00838
0.008252
0.00838
0.008764
0.008116
0.008116
0.008252
0.008764
0.008252
2.67334
0.008116
0.008116
0.008116
0.008116
0.008252
0.008764
0.008252
0.008764
0.008116
0.008252
0.008764
0.008116
0.01018
0.008764
0.008252
0.008116
0.008252
0.008252
0.008116
0.008116
0.008252
0.008116
0.008116
0.008116
0.008116
0.008116
0.126156
0.008116
0.008116
0.008116
0.008116
0.008764
0.008116
0.008116
0.008116
0.008116
0.008252
0.008116
0.008116
0.008252
0.008116
0.008116
0.008892
0.008252
0.008252
0.008116
0.020436
0.008764
0.008252
0.008764
0.008764
0.008116
0.008116
0.008116
0.008764
0.008116
0.008116
0.008252
0.008116
0.008252
0.008116
0.008252
0.008116
0.008116
0.008116
0.008252
0.008116
0.008116
0.008252
0.008764
0.008116
0.008116
0.008116
2.13066
0.008116
0.008116
0.008116
0.008116
0.008116
0.008116
0.008116
0.010428
0.008252
0.008764
0.008116
0.008764
0.008116
0.008252
0.008116
0.008764
0.008764
0.008252
0.150948
0.008116
0.008116
0.008116
0.008116
0.008116
0.008116
0.008116
0.008116
0.008116
0.008116
0.008116
